Exp_2017_Van_140_1A.png 4 152 86 196 124 53 43 130 242 137 69 138 165 188 213 104 103 146 205 217 68
Exp_2017_Van_140_1B.png 5 122 58 190 123 103 76 132 213 154 69 125 163 170 235 12 52 67 116 239 1 218 60 255 228 2
Exp_2017_Van_140_2A.png 5 215 107 241 184 2 40 113 65 194 1 85 146 118 176 19 135 145 172 175 20 183 122 214 170 10
Exp_2017_Van_140_2B.png 3 102 122 133 177 1 133 132 166 170 82 180 117 197 180 2
Exp_2017_Van_140_3A.png 2 26 160 150 174 69 137 80 227 199 70
Exp_2017_Van_140_3B.png 5 36 182 74 230 84 114 171 158 226 36 170 170 207 218 81 215 136 238 171 95 112 59 193 137 18
Exp_2017_Van_140_4A.png 8 51 137 73 171 5 77 138 91 167 3 102 149 120 164 20 128 136 149 162 6 156 133 175 162 10 187 146 204 152 69 211 131 231 161 8 232 132 253 160 5
Exp_2017_Van_140_4B.png 6 76 60 101 125 42 136 91 164 100 69 187 61 228 112 82 54 132 218 139 69 89 194 125 202 69 144 172 178 258 78
Exp_2017_Van_140_5B.png 11 67 81 90 103 59 56 104 71 190 40 61 189 76 209 3 102 136 140 166 25 150 130 161 178 1 167 124 188 150 72 155 155 192 163 69 166 164 184 180 5 193 123 203 182 2 204 123 229 161 26 239 133 258 162 72
Exp_2017_Van_140_6A.png 2 10 159 103 178 69 126 90 213 196 87
Exp_2017_Van_140_6B.png 2 74 87 188 253 57 190 51 253 185 38
Exp_2017_Van_141_1A.png 4 134 69 169 113 53 61 122 259 138 69 134 172 185 225 104 84 153 219 230 68
Exp_2017_Van_141_1B.png 5 42 90 82 242 1 129 86 181 128 103 90 146 199 156 69 127 160 165 220 12 199 85 247 232 2
Exp_2017_Van_141_2A.png 5 50 116 77 216 1 87 126 136 164 19 144 131 172 162 20 184 124 216 167 10 230 112 253 190 2
Exp_2017_Van_141_2B.png 3 37 88 83 230 1 122 88 189 181 82 170 81 240 257 2
Exp_2017_Van_141_3A.png 2 38 148 138 163 69 138 86 237 195 70
Exp_2017_Van_141_3B.png 5 84 56 187 143 18 56 160 95 218 84 111 165 165 227 36 190 163 226 221 81 231 129 258 174 95
Exp_2017_Van_141_4A.png 8 56 132 79 163 5 80 138 101 166 3 108 145 131 167 20 138 133 156 164 6 156 133 174 164 10 180 149 199 157 69 208 132 231 162 8 233 135 255 163 5
Exp_2017_Van_141_4B.png 6 79 51 107 131 42 125 88 156 99 69 189 63 237 119 82 54 141 237 154 69 81 183 126 194 69 143 170 185 253 78
Exp_2017_Van_141_5A.png 3 55 97 108 183 82 110 128 162 184 55 170 104 256 197 103
Exp_2017_Van_141_5B.png 11 78 74 105 92 59 59 95 77 217 40 71 201 83 217 3 94 141 129 165 25 141 124 160 198 1 162 124 186 147 72 154 152 191 160 69 162 163 184 179 5 199 123 214 190 2 215 122 237 162 26 242 134 261 163 72
Exp_2017_Van_141_6A.png 2 20 147 114 159 69 138 98 220 205 87
Exp_2017_Van_141_6B.png 2 122 86 169 258 57 176 78 212 147 38
Exp_2017_Van_142_1A.png 4 112 78 165 119 53 50 131 250 144 69 146 168 187 214 104 94 144 216 225 68
Exp_2017_Van_142_1B.png 5 48 63 79 232 1 110 68 153 130 103 95 133 214 142 69 124 162 167 230 12 217 65 254 234 2
Exp_2017_Van_142_2A.png 5 45 108 70 189 1 84 138 122 177 19 141 138 167 164 20 185 121 220 173 10 226 112 249 182 2
Exp_2017_Van_142_2B.png 3 114 119 134 179 1 139 129 162 166 82 172 124 185 175 2
Exp_2017_Van_142_3A.png 2 19 164 103 183 69 160 65 220 211 70
Exp_2017_Van_142_3B.png 5 97 38 191 131 18 67 171 111 225 84 127 180 169 238 36 184 168 214 234 81 222 137 243 180 95
Exp_2017_Van_142_4A.png 8 49 134 74 171 5 76 131 94 164 3 107 140 126 159 20 132 130 149 164 6 150 130 170 162 10 182 140 196 147 69 206 127 224 165 8 226 129 249 171 5
Exp_2017_Van_142_4B.png 6 81 50 125 132 42 137 96 165 106 69 173 71 210 127 82 60 152 238 164 69 103 197 134 206 69 152 182 182 251 78
Exp_2017_Van_142_5A.png 3 46 88 109 189 82 113 133 164 194 55 174 97 248 198 103
Exp_2017_Van_142_5B.png 11 76 83 99 107 59 60 99 79 190 40 69 193 86 214 3 99 139 138 164 25 146 124 162 185 1 165 121 188 145 72 164 148 189 155 69 168 158 186 182 5 197 120 212 187 2 219 127 239 161 26 243 140 260 161 72
Exp_2017_Van_142_6A.png 2 25 131 102 149 69 143 105 224 199 87
Exp_2017_Van_142_6B.png 2 113 99 169 258 57 181 60 215 162 38
Exp_2017_Van_143_1A.png 4 124 56 170 104 53 57 123 255 137 69 138 176 198 240 104 86 151 229 243 68
Exp_2017_Van_143_1B.png 5 117 44 173 114 103 103 130 186 144 69 54 96 87 232 1 127 175 158 245 12 219 86 245 234 2 
Exp_2017_Van_143_2A.png 5 49 98 74 194 1 90 138 127 172 19 144 134 171 173 20 188 115 218 171 10 233 103 251 189 2
Exp_2017_Van_143_2B.png 3 52 71 90 228 1 132 92 208 188 82 228 76 259 214 2
Exp_2017_Van_143_3A.png 2 26 143 93 158 69 131 84 225 203 70
Exp_2017_Van_143_3B.png 5 84 30 194 151 18 58 166 101 233 84 126 163 168 224 36 192 163 232 231 81 232 137 254 184 95
Exp_2017_Van_143_4A.png 8 51 131 75 161 5 75 135 96 163 3 105 140 120 159 20 130 132 147 162 6 149 131 166 164 10 179 144 192 149 69 202 130 220 164 8 225 132 253 168 5
Exp_2017_Van_143_4B.png 6 81 54 112 133 42 130 89 158 99 69 167 68 209 116 82 67 132 225 147 69 101 180 128 190 69 142 170 186 255 78
Exp_2017_Van_143_5A.png 3 56 101 121 188 82 124 107 174 184 55 176 106 255 190 103
Exp_2017_Van_143_5B.png 11 65 82 89 104 59 64 108 79 188 40 76 189 92 209 3 91 138 131 162 25 135 120 149 192 1 152 119 182 144 72 151 147 183 155 69 159 159 183 186 5 193 118 206 187 2 217 125 237 159 26 233 128 266 159 72
Exp_2017_Van_143_6A.png 2 21 147 81 164 69 118 86 221 214 87
Exp_2017_Van_143_6B.png 2 112 103 157 253 57 164 54 202 177 38
Exp_2017_Van_144_1A.png 4 139 52 193 116 53 61 128 224 147 69 139 173 174 251 104 69 144 259 224 68
Exp_2017_Van_144_1B.png 5 42 54 75 244 1 132 50 193 137 103 103 150 220 166 69 125 174 179 246 12 202 75 237 250 2
Exp_2017_Van_144_2A.png 5 50 96 78 185 1 88 138 117 185 19 139 146 173 179 20 188 131 231 185 10 230 107 255 184 2
Exp_2017_Van_144_2B.png 3 43 77 96 203 1 121 110 193 199 82 201 92 247 219 2
Exp_2017_Van_144_3A.png 2 45 169 156 196 69 125 91 246 204 70
Exp_2017_Van_144_3B.png 5 79 33 188 139 18 58 156 104 211 84 127 167 182 232 36 188 180 226 233 81 216 142 250 194 95
Exp_2017_Van_144_4A.png 8 50 130 75 165 5 76 133 98 164 3 107 141 126 162 20 133 131 152 167 6 153 136 174 168 10 191 147 207 154 69 210 130 234 166 8 228 133 252 165 5
Exp_2017_Van_144_4B.png 6 74 79 135 126 89 132 96 181 107 69 43 138 240 162 69 185 73 230 121 82 115 184 154 194 69 152 170 183 249 78
Exp_2017_Van_144_5A.png 3 49 88 116 199 82 118 116 174 185 55 200 103 251 219 103
Exp_2017_Van_144_5B.png 11 82 69 106 92 59 58 94 87 214 40 60 214 74 226 3 89 141 129 168 25 135 129 144 176 1 157 126 191 157 72 154 158 190 168 69 161 168 183 192 5 193 121 204 182 2 213 127 230 167 26 231 139 259 166 72
Exp_2017_Van_144_6A.png 2 7 136 119 161 69 133 72 204 229 87
Exp_2017_Van_144_6B.png 2 106 60 177 258 57 194 78 229 191 38
Exp_2017_Van_145_1A.png 4 128 73 171 118 53 55 115 255 137 69 144 162 189 227 104 92 134 227 237 68
Exp_2017_Van_145_1B.png 5 52 60 102 248 1 122 70 168 134 103 102 142 199 156 69 141 170 172 235 12 218 58 254 236 2
Exp_2017_Van_145_2A.png 5 52 93 79 199 1 83 135 119 174 19 138 136 166 172 20 183 115 219 175 10 229 106 255 197 2
Exp_2017_Van_145_2B.png 3 48 71 112 237 1 127 93 189 201 82 189 72 252 218 2
Exp_2017_Van_145_3A.png 2 26 155 122 176 69 151 76 228 212 70
Exp_2017_Van_145_3B.png 5 121 70 164 138 18 47 144 77 203 84 126 146 167 208 36 203 140 231 193 81 233 119 248 156 95
Exp_2017_Van_145_4A.png 8 52 130 74 164 5 75 132 96 162 3 110 143 126 163 20 135 133 151 166 6 153 132 171 161 10 182 146 199 155 69 210 135 230 163 8 231 136 253 165 5
Exp_2017_Van_145_4B.png 6 79 75 101 130 42 122 88 146 98 69 54 131 245 145 69 183 56 220 110 82 99 190 134 199 69 149 178 179 258 78
Exp_2017_Van_145_5A.png 3 50 118 100 204 82 101 138 149 202 55 166 78 252 195 103
Exp_2017_Van_145_5B.png 11 63 94 79 114 59 51 112 67 199 40 63 194 75 210 3 85 142 128 168 25 134 113 154 198 1 157 122 180 145 72 154 146 186 154 69 158 157 185 181 5 192 107 211 186 2 222 120 236 153 26 239 124 255 151 72
Exp_2017_Van_145_6A.png 2 19 147 90 167 69 134 91 218 209 87
Exp_2017_Van_145_6B.png 2 105 90 164 258 57 166 63 219 183 38
Exp_2017_Van_146_1A.png 6 58 137 79 174 4 85 137 110 170 6 126 146 154 164 20 180 134 220 164 59 226 131 244 158 61 242 113 262 130 5
Exp_2017_Van_146_1B.png 8 49 133 91 163 66 96 119 108 137 5 102 145 122 164 77 137 146 152 161 20 169 135 186 157 6 188 136 220 160 25 221 125 233 140 5 230 143 251 160 77
Exp_2017_Van_146_2A.png 7 62 116 80 158 4 56 158 98 166 69 58 171 85 204 6 128 129 167 165 59 174 129 195 160 61 198 106 219 125 5 215 107 259 156 37
Exp_2017_Van_146_2B.png 5 51 112 81 188 1 74 126 116 177 43 136 150 155 169 20 192 127 226 165 92 234 113 256 177 2
Exp_2017_Van_146_3A.png 6 60 132 118 169 25 130 126 144 163 1 147 139 207 134 225 166 23 166 162 3 172 125 186 166 2 206 141 227 158 13 244 125 262 158 4
Exp_2017_Van_146_3B.png 4 61 35 114 88 29 101 102 138 174 32 148 156 183 226 34 198 178 251 237 37
Exp_2017_Van_146_4A.png 5 39 152 65 172 53 72 123 102 169 91 120 140 138 158 20 168 136 201 159 51 208 119 242 160 80
Exp_2017_Van_146_4B.png 8 51 135 65 162 22 69 135 93 160 65 107 146 124 163 20 138 144 156 163 24 157 134 171 160 72 185 144 199 159 20 207 142 225 162 29 229 129 254 158 27
Exp_2017_Van_146_5A.png 6 41 139 71 172 5 76 143 103 167 21 121 145 142 161 20 158 129 180 159 6 205 134 227 167 23 186 123 242 165 68 
Exp_2017_Van_146_5B.png 6 36 129 69 182 70 98 118 118 176 1 129 128 144 176 1 166 128 193 171 58 197 126 211 169 2 214 105 236 184 2
Exp_2017_Van_146_6A.png 5 75 86 111 149 23 141 102 176 136 20 205 80 241 129 35 45 159 242 178 69 133 182 168 238 72
Exp_2017_Van_146_6B.png 4 97 135 153 192 43 175 168 202 177 69 219 157 256 187 53 64 102 263 204 68
Exp_2017_Van_147_1A.png 6 56 136 72 175 4 81 134 108 176 6 125 149 144 172 20 167 132 207 164 59 209 130 231 163 61 238 114 257 139 5
Exp_2017_Van_147_1B.png 8 51 138 96 163 66 93 133 107 148 5 105 147 123 161 77 136 149 149 162 20 165 137 183 161 6 188 137 222 159 25 222 132 235 146 5 235 145 253 158 77
Exp_2017_Van_147_2A.png 7 62 103 79 137 4 47 146 91 155 69 53 164 86 202 6 120 138 149 169 59 159 139 180 169 61 184 118 209 144 5 209 107 248 173 37
Exp_2017_Van_147_2B.png 5 84 131 97 172 1 105 129 126 169 43 135 149 148 164 20 165 133 191 165 92 194 128 212 173 2
Exp_2017_Van_147_3A.png 6 61 123 129 171 25 136 126 156 165 1 157 138 174 162 3 175 131 191 171 2 207 147 232 162 13 249 129 266 165 4
Exp_2017_Van_147_3B.png 4 50 62 98 115 29 101 89 130 164 32 145 134 182 217 34 199 139 252 232 37
Exp_2017_Van_147_4A.png 5 41 137 68 167 53 75 121 101 166 91 121 138 140 159 20 162 138 201 164 51 210 123 244 169 80
Exp_2017_Van_147_4B.png 8 52 125 67 160 22 73 135 93 159 65 111 144 124 160 20 131 138 152 161 24 157 131 180 158 72 192 145 202 158 20 211 143 228 162 29 232 135 255 163 27
Exp_2017_Van_147_5A.png 6 41 135 71 164 5 73 145 99 165 21 115 148 131 163 20 156 134 175 165 6 206 136 223 179 23 182 126 243 170 68
Exp_2017_Van_147_5B.png 6 40 119 72 172 70 91 119 113 174 1 122 122 141 173 1 159 127 184 183 58 191 125 211 182 2 211 119 242 193 2
Exp_2017_Van_147_6A.png 5 83 69 112 145 23 136 102 161 126 20 184 76 223 132 35 56 158 253 169 69 122 188 177 245 72
Exp_2017_Van_147_6B.png 4 102 130 142 197 43 165 174 191 184 69 211 160 253 195 53 60 98 259 200 68
Exp_2017_Van_148_1A.png 6 59 128 75 166 4 77 130 96 166 6 119 145 139 169 20 171 140 204 166 59 215 143 238 168 61 239 129 258 146 5
Exp_2017_Van_148_1B.png 8 53 132 89 161 66 89 128 108 146 5 100 146 120 161 77 133 142 151 161 20 163 132 179 162 6 181 131 215 165 25 219 129 234 146 5 232 148 256 164 77
Exp_2017_Van_148_2A.png 7 64 114 81 159 4 57 160 95 167 69 57 175 81 218 6 127 127 156 159 59 166 125 197 168 61 195 113 213 132 5 213 100 258 158 37
Exp_2017_Van_148_2B.png 5 93 120 116 174 1 106 129 133 168 43 141 149 154 166 20 173 134 193 163 92 198 127 212 170 2
Exp_2017_Van_148_3A.png 6 62 113 125 169 25 131 125 158 171 1 148 132 172 165 3 172 126 188 170 2 207 148 234 164 13 236 132 266 167 4
Exp_2017_Van_148_3B.png 4 56 56 115 120 29 113 92 143 182 32 147 141 190 225 34 197 145 260 218 37
Exp_2017_Van_148_4A.png 5 50 135 81 164 53 85 116 114 166 91 134 143 157 167 20 175 140 216 165 51 222 125 252 166 80
Exp_2017_Van_148_4B.png 8 51 131 62 163 22 63 143 88 161 65 99 145 112 160 20 123 143 142 160 24 148 132 167 160 72 181 144 195 160 20 205 139 225 162 29 228 125 253 165 27
Exp_2017_Van_148_5A.png 6 43 132 76 166 5 80 144 111 168 21 120 149 140 169 20 162 136 179 164 6 205 138 220 177 23 187 121 244 170 68
Exp_2017_Van_148_5B.png 6 47 125 78 179 70 89 110 132 193 1 123 117 159 186 1 153 116 182 180 58 188 117 210 188 2 208 112 247 200 2
Exp_2017_Van_148_6A.png 5 61 65 105 151 23 130 92 157 133 20 211 64 251 130 35 78 165 245 180 69 132 206 163 258 72
Exp_2017_Van_148_6B.png 4 102 131 142 199 43 158 180 190 187 69 209 169 241 193 53 71 99 272 206 68
Exp_2017_Van_149_1A.png 6 59 127 77 178 4 83 129 106 175 6 134 139 150 162 20 178 138 206 167 59 209 133 233 168 61 236 123 261 149 5
Exp_2017_Van_149_1B.png 8 51 133 91 160 66 90 135 104 151 5 105 141 124 160 77 142 140 153 153 20 164 133 177 161 6 187 132 215 162 25 215 134 225 150 5 227 141 252 164 77
Exp_2017_Van_149_2A.png 7 79 93 101 136 4 57 148 120 156 69 84 166 108 205 6 142 134 177 167 59 183 136 203 166 61 207 122 220 149 5 232 119 258 168 43
Exp_2017_Van_149_2B.png 5 101 136 112 165 1 119 138 131 163 43 137 144 147 156 20 156 136 178 160 92 181 133 190 163 2
Exp_2017_Van_149_3A.png 6 68 115 125 177 25 136 124 153 175 1 154 132 183 172 3 185 128 202 173 2 217 138 238 159 13 248 127 271 167 4
Exp_2017_Van_149_3B.png 4 62 49 126 116 29 121 105 162 168 32 152 152 186 222 34 200 184 249 250 37
Exp_2017_Van_149_4A.png 5 44 139 71 171 53 75 121 103 166 91 118 135 140 160 20 166 135 208 165 51 213 120 247 164 80
Exp_2017_Van_149_4B.png 8 48 131 63 163 22 67 138 88 164 65 109 143 121 159 20 129 144 145 164 24 154 131 174 162 72 184 139 199 156 20 203 140 226 163 29 227 130 251 161 27
Exp_2017_Van_149_5A.png 6 44 135 72 173 5 72 136 101 170 21 125 143 146 163 20 151 132 177 171 6 204 131 226 177 23 184 113 245 170 68
Exp_2017_Van_149_5B.png 6 40 116 73 180 70 88 102 111 197 1 118 115 136 178 1 151 130 186 197 58 189 117 212 182 2 214 97 241 201 2
Exp_2017_Van_149_6A.png 5 81 64 111 134 23 139 80 162 106 20 197 69 229 132 35 49 159 248 171 69 132 191 166 251 72
Exp_2017_Van_149_6B.png 4 111 142 152 195 43 154 161 179 171 69 198 149 237 193 53 64 98 263 206 68
Exp_2017_Van_150_1A.png 6 51 133 70 175 4 76 134 98 171 6 137 148 157 168 20 179 137 212 166 59 216 132 235 164 61 237 120 253 147 5
Exp_2017_Van_150_1B.png 8 54 134 92 167 66 93 130 105 149 5 102 146 121 161 77 142 144 157 160 20 173 133 189 161 6 192 139 222 161 25 225 129 238 147 5 237 141 259 159 77
Exp_2017_Van_150_2A.png 7 74 93 91 140 4 63 149 108 158 69 68 172 97 224 6 121 131 162 165 59 170 132 191 163 61 192 118 210 144 5 223 102 261 161 37
Exp_2017_Van_150_2B.png 5 85 127 99 174 1 98 136 118 168 43 138 150 156 163 20 176 138 200 161 92 197 127 209 170 2
Exp_2017_Van_150_3A.png 6 61 123 126 172 25 134 125 157 169 1 157 140 180 166 3 178 125 194 166 2 206 141 237 158 13 247 125 265 162 4
Exp_2017_Van_150_3B.png 4 67 40 116 111 29 114 91 141 176 32 143 129 177 220 34 182 149 241 242 37
Exp_2017_Van_150_4A.png 5 41 144 69 168 53 70 128 90 166 91 119 138 143 160 20 172 141 208 163 51 214 123 242 161 80
Exp_2017_Van_150_4B.png 8 62 128 76 167 22 78 141 98 165 65 112 148 128 164 20 145 143 160 163 24 161 127 184 159 72 202 141 213 161 20 227 142 241 160 29 243 125 264 158 27
Exp_2017_Van_150_5A.png 6 41 135 70 173 5 71 146 101 166 21 122 142 143 162 20 162 129 180 166 6 208 136 231 174 23 189 119 241 163 68
Exp_2017_Van_150_5B.png 6 38 132 72 187 70 85 103 117 188 1 132 123 155 192 1 159 128 190 184 58 190 119 212 189 2 210 102 239 199 2
Exp_2017_Van_150_6A.png 5 85 93 117 144 23 143 111 169 135 20 201 92 231 135 35 60 146 258 163 69 124 169 177 223 72
Exp_2017_Van_150_6B.png 4 97 123 148 197 43 167 174 202 184 69 208 160 251 195 53 65 105 265 204 68
Exp_2017_Van_151_1A.png 6 59 127 70 176 4 76 127 103 172 6 133 136 152 155 20 181 140 211 167 59 214 140 239 167 61 235 121 260 142 5
Exp_2017_Van_151_1B.png 8 49 136 80 162 66 79 134 90 147 5 90 145 111 164 77 127 147 143 160 20 168 135 182 159 6 192 143 223 159 25 223 126 237 143 5 233 144 253 159 77
Exp_2017_Van_151_2A.png 7 64 101 77 141 4 51 151 93 161 69 69 170 103 228 6 109 130 152 164 59 153 131 191 169 61 188 106 217 136 5 219 109 253 165 37
Exp_2017_Van_151_2B.png 5 85 128 102 167 1 110 134 138 164 43 148 142 161 157 20 176 135 199 160 92 203 134 216 176 2
Exp_2017_Van_151_3A.png 6 66 127 112 167 25 123 128 137 169 1 137 136 155 162 3 155 129 171 177 2 200 139 220 160 13 247 126 266 165 4
Exp_2017_Van_151_3B.png 4 44 71 91 113 29 110 84 145 159 32 162 136 199 205 34 206 181 246 234 37
Exp_2017_Van_151_4A.png 5 46 143 70 168 53 76 131 94 167 91 132 139 151 160 20 188 139 218 158 51 223 127 246 162 80
Exp_2017_Van_151_4B.png 8 56 134 69 156 22 71 137 90 157 65 100 146 113 158 20 131 142 149 158 24 151 138 168 158 72 182 142 194 157 20 211 141 228 159 29 243 133 258 161 27
Exp_2017_Van_151_5A.png 6 42 133 64 166 5 65 143 91 165 21 110 150 126 165 20 153 137 173 167 6 203 134 222 170 23 180 121 240 171 68
Exp_2017_Van_151_5B.png 6 37 116 77 174 70 100 115 120 184 1 129 121 148 180 1 159 130 190 180 58 196 124 215 179 2 215 111 238 187 2
Exp_2017_Van_151_6A.png 5 87 81 117 138 23 138 96 165 122 20 199 82 230 136 35 69 152 266 171 69 111 188 192 244 72
Exp_2017_Van_151_6B.png 4 112 139 167 196 43 170 161 191 169 69 200 149 244 182 53 70 88 271 207 68
Exp_2017_Van_140_5A.png 3 49 88 125 194 82 124 139 170 180 55 184 100 252 186 103